300            300          3200
250            500          6000
250            500          6000
250            500          6000
250            500          4500
700           600            3200 
 15            22 
22            22
750            35 
250            500          4500
250            500          6000
250            500          6000
250            500          7500
300            300          1500
1              10 
1              10 
0              0 
4              0 
UNBRACED
UNBRACED
FREE
FREE
t88888
