300            300          3600
200            500          2100
200            500          7800
200            500          3000
200            500          3000
400           400            3600 
 150           175 
150           175
2100           40 
200            500          3000
200            500          3000
200            500          7800
200            500          2100
300            300          3600
2              20 
2              20 
2              25 
2              25 
UNBRACED
UNBRACED
FREE
FREE
E / 5
