300            300          3600
250            500          2100
250            500          7800
200            500          3000
200            500          3000
400           400            3600 
 150           125 
150           125
1500           40 
200            500          3000
200            500          3000
250            500          7800
250            500          2100
300            300          3600
2              16 
2              16 
3              16 
3              16 
UNBRACED
UNBRACED
FREE
FREE
D / 4
