250            300          3900
225            500          4500
225            550          4500
225            550          4500
225            550          6000
250           350            3600 
 125           22 
100           22
99999          50 
225            550          6000
225            550          6000
225            550          6000
225            550          7500
250            300          3200
4              12 
2              12 
3              25 
2              25 
UNBRACED
UNBRACED
FREE
FREE
t9999999
