300            300          3600
250            500          2100
250            500          9000
200            500          3000
200            500          3000
300           300            3600 
 80            80 
60            60
1100           40 
0              500          3000
0              500          3000
0              500          9000
0              500          2100
300            300          0
2              20 
2              20 
4              20 
4              20 
UNBRACED
UNBRACED
FREE
FREE
A / 1
