300            300          3600
200            450          4500
200            450          4500
200            450          4500
200            450          4500
800           800            3600 
 75            122 
22            122
750            50 
225            450          4500
225            450          4500
225            450          4500
225            450          4500
300            300          3600
4              20 
3              20 
0              0 
0              0 
UNBRACED
UNBRACED
FREE
FREE
t6666
