300            300          3900
275            650          4500
275            650          3000
275            600          3000
250            600          3000
400           700            3200 
 375           222 
322           222
750            20 
275            550          3000
275            650          3000
275            600          3000
250            500          3000
300            300          3200
2              10 
2              10 
9              0 
0              0 
UNBRACED
UNBRACED
FREE
FREE
t77777
