300            300          3600
250            500          2100
250            500          7800
200            500          3000
200            500          3000
300           600            3600 
 175           125 
150           125
2600           30 
200            500          3000
200            500          3000
250            500          7800
250            500          2100
300            300          3600
3              25 
3              25 
3              16 
3              16 
UNBRACED
UNBRACED
FREE
FREE
C / 3
