300            300          3600
250            500          2100
250            500          9000
200            500          3000
200            500          3000
300           250            3600 
 70            95 
70            95
1500           25 
200            500          3000
200            500          3000
250            500          9000
250            500          2100
300            300          1500
2              20 
2              20 
3              25 
3              25 
UNBRACED
UNBRACED
FREE
FREE
B / 2
